$ANSIBLE_VAULT;1.1;AES256
37376631643066323232303130656164306263663036636233663035326564353332393534386436
6263366539323732323235353265633334366639643733360a346565633336366263626461316439
38633235666465353730646239646165623935386366333937653362613632343837643934363630
3737636635336563650a323337353336393662326232653064653639393131316266393734366139
33356566653631636530643836386331343737636465386533373335663663333137323365333861
61333438316262383662326261613533616636316139626630616436396636343735346131633334
35303931373436363632316239363737666638646266653466366333306166643635653765656535
33336539613664643666343136666630336261323732376536666138373865623139626239633564
30623561366364633933366130376336366434333561303062363761373833376563363463316335
32353662646164363762626134393735363936356637653265313862383635663363643865353337
66366161383434616333643263633831393838653535376432346565653231353635646139343436
33366466306662383164666432363264623864356333323163356664336432653066353764376666
38616463363762346632306632393131653534303461663434353135343064363335383033363830
36633665333163643164336163663833623836353262373764646130363634633434353433323739
32396135386636363833653739303930363136363937386266323133616633326236386565356533
37633665366465346432613634343539383034393634353434663838303137633563333865353862
65666633656632366638386333383133393930653762623436393461616466316439633637313762
39326638343061663636353761613363613939383131313238666466316331333865333166623331
36643964316362613961323334336234653130666135336562346461386139386331383433323935
35336437633033666631633831653861373361353734616437633937633239346530353737616437
37376566393132366135353230663963376664396666633933366166383566303135393132663134
39353730626432383231633538653232643534663638396334396331383836393366326562396135
37343236656661333066633533663062623530303761636362663732643733383466613061353235
62316237396264623236396639653363373663373831366465353636666632363334356561363635
31373934326230646438623338376363333566663736343434656630656537623139366161333431
33393930613136613137316662373238613936323138303265623635623934643431323666376464
35386162396535376434636561393834343764656633393936613030366561373039613166333732
30303765643335373435383039666538653336633736613634343637666666383466623165396538
30366533613335336337663537343931653431303436333131663061326435313731613130613437
36663337623531373035393564383730313430346130393639383264656561363865343138346232
63316162303134316139653162663230636135656130353330643366316432363939363062623966
36623461303638366462346235306439373631626164323465306361646465653334326230663434
64326263303033306431663365306530636630303762333463333131643463313334383637326432
34366662643837353232383761393862383835326562303737623139656136306335643563643231
30373464623434623039636138616665663134323437646530323032393835643735376463376237
38386233363131666365303734336533346636323934656265306463363735373465613838653936
33376262323038653236653838383035393431646631336464363530613532386537336536373765
62373433366333386338633835383563383464386366666430383737663131656232336561623632
36356363666537343234613035656334646638363731366333386662353134323630623465623238
33323031333533626433623934636262383866646134386336373961623665313731346164306438
39306135656266646132393635636236353231323035303536626464346336313334343037626630
39346338353939646563666534623063393266303132343335663531336531663139373763653961
61623536656364643433323435666236373837636337363738376237663931366663663433363734
61336263303263363934646338666237366434343539636538616463316432653362633839316436
37643135306339663132356165616436643266663065393563623566303864303461663364386438
65383931623862346265306236643534396631306233363366393438663330636238356331383432
61326234326563333537303365366538373630383835616439653339346634653766366634663564
35393265316436623339386139323739306330356430643337386266643737356161373635613462
65666330383465653334613136626332643533373439353361326135616439643966376166323330
64633830393436663537343831363061623733343562616431343664383465643736313238373766
35666630653361343033313334343232393461333135343131353237386137336364386564353239
36663333383838663363393430333739613865396139663730353164633564313862363163306637
33663934383166646463393864356363326363313831666562343166363265643961366162636638
31323238633261633939346234363636616164633434303962346435396366373131666637666530
38346336613939393432376234386431626263333030353239323836313534653437383663383364
62653062316134623461313431616131613839363330636262353437333435626135313737323234
61373831353135323936353861613934633736363038613033643634393566616537323831303963
36356162656637633561386661633435663336623463353932643337363833323762366637616439
63663263316630643534616663353433356261666334326666396333646464393662663238653961
30313565643166383236646138383731306135356239393964636637393833663732653335393331
62666439623433333561303836346632616439666136373066666161623337333131303265333336
38383932313232343035316638656336346432363366323433336361643334653130353231343566
30356537633063316434333833363034356165333962663165336131616464366637326462333739
33303263373638306461636139616433396266343738376234376230653066303838313234306463
65626334393230613938323932383266663131383964623763373236613962313161316464346136
33323436356334656466666164396539643735333062623366646138386336376465333162303465
34383539356536636337396463653864666636643166623438663763333430613865623733303736
31383939353532613266323736613061303233346239623634393634656362643035663335313163
38386438356265353533373133663663353138386130393464373638623230343733653962616130
38633431396335306366633930383833346234623334323735393736646536386637393662623134
66653136313138343766353266396466333734346564353432646365313033383433346661613063
61393936326634366534333966633761663965333233656264616438363734383934373365333163
37323036353066303834643630373862646437343536636563623336626134353264313537326262
37386263633032646537363537323831303632613965613163666465323038383339626465613633
39366464613362653136623730356164303134333964393633633238373362663631393265623533
38343337653632636137323962353665646335383562626434633536363838303539353233653231
61383933396561636134643732343834643737333639333462373362333936316537313837613565
34333336386161616166366330623266623861363336313532636363306666333562326661373032
31363164663336343462383064383936643337306166376231323131613162643866336663356333
64356164363963336664383233383866376638353139313964643935326636363835343932326336
66376163353536393763323530363835336465353631373365656334623039643132636561393534
38376432636637663734373935386665393864653066646639343834356336393732656663623536
63613732643634636537343863333663323837373063643662333037646532376131363737383162
33323164666635383665306665386664616238346539646131656261653837356362393436383635
37326266616665373335646364323737366264346565316361646533353331653434346637383030
32366566663363343938613663353237613565643030313531653134336534363036396564353664
31356163353265613564383837666338373133373132363038663065393439306562623232656331
31646136306530343337343431656463306233306564336139376233656335333839613835313338
38656633343530633535613939623235376262636164653839616364343661393036353133366631
64633733626662396438323161336430613462373965656561363837383132306664303037396331
37643666393036326166346365643937643132373732326665343665306165356361326331366137
62666235353037343030343534623362346438656331386563363966636130343239656639633435
36356464386234333063303365333231643034643033303032653635626162323633316338353363
39316661303064646333306161366365313331616265633363306236313461313732323432313337
32393363363934376436646663346364373563323864353131643432376532313266303166356632
32616630356361616365386233353836613662643063393565353362383335643064313937653762
36326366333030623963313438643633653331376439333938343231366366663933633339653730
35336538623031353732396132336236346537663030323439663466353066383662623632373062
61323331303133393232323334643633303835343232613263313332326266373836643161613063
34303465623137643961636435356662613063656463333663393436616330303966663834323064
63653339376339393735663335343236373064623065303735636665633736643866323632393035
63316532376331616564643438366132666662623663663836346430613463326161343531623530
31623233653263616266653137646361393964663330643231613737646235323937393166393634
34663133646262303263303130336266303839646361383834303766653261323261643930613139
39306361316461373062646461363965343536653730623633363337373239396363613964373232
63383131656631666561663432316337613238363335376365303737303139616335323664623331
61376164613639663534386535343637373832383363646236363135643664376465373964356631
30613539633564373763643864643761373431333363616638313330323039393334633533363439
30363663613330653964303532363838663035323537323932326535376231623262613733366332
31646163663463623231303430306365393565386562373530373566353833336236396336626162
62343236303439333739343535373035336362303964393632363035326433653864313738656664
36363630306435666138313639303238383362613761623131343361356339663966633338666134
37636332646164663235613461633137376231636133323564303830386333613366623135393262
63653931646464636233356535663663653437623431353562646662396633346265353063373533
63376230323430373031303635343266666262653463323235663030633037643339353434373862
32376537306561346336323439366632646634666633316137663533626462653338393630366436
30633266656464353431336161316665626663636531636234663434356231653563353564373534
38303939353466346263373761646638313236616361623139663736363763656636373231376661
34663462633662613861663464313532663966633565656165616635323839373032376631623339
39326162613465303034653165356231323936623132396438663930396431336435323434666434
32333632643965626362346336356361623834303736326561326462336166623532383966343163
31343434613365343563613339363239626637313366326130366339376135626434393166323139
35356434303031356662306162363465653033653462666463393538336137616635333433623462
62653935346166656236386365313661303337613336356137363039383536616533336332306565
64643666613131376231393637643562356262383863653431363134636464663533373338653365
66333734653239656164636634356539616132383664333164386336656433343633313631346264
64333463313630326433386536313534666436383636356138363933366264323466623462363330
35356364613033613963353235616662303661383563303565386136373866613463376430326634
66633462393165636638653333663362656365326363303130633636663433663864363465396661
38616636363634313739656330386663613639336463653333653532306631333630326432303861
31326432343730363662636530653865383935663736363634646437373839656538366535303838
32353436623762343238653039326539313736356338333234386636343131633732393136363431
33623436663934626635393832653237643464323763653139316530373134633038336332636263
61613266383838346462326333356134373266623465653537383462343332646236643536313735
33323238356662343331663966353461623764393962373436383038333633346666626139306365
37393564313666623236366538363261306336613737373634303935613834333535346561636639
31623830643161343431313138376339306237323265323933343832336363653533346262326438
34666464396432616531366263613266366566313562356435646632396132383461363034396664
61306239323063396236653633643934653566653437393434323632363136663165373335613761
34643838346265663839376634346361663138643733613231346238376638393332356231393238
62616436626534643038633361633262373631623765666435333665336461393663633764636237
31326666636635393137666361346233653136613332343439633466616638663834303432316465
61303634653637663235333633646161663361386334383966646164363933373233316635383633
66626264313032376561353131653434373331663033333130613634306332643861613631343738
38323665306235663563626437316164353364326461396135396163386231613864346661646666
36626638386636396631646137333239323939353162383935353961353034326638313963646361
37666239346362333537306335333062336630643365343838656333396333373964363037303232
65363734313837383331336435393935636261656432333030316463376662386336376436613266
63313833633834633038353131303838306537393531373333663061336638663831363330343238
66336236346536346134613433656263316366663932316138343162303361313934353764346362
66386565623435393537383032366631653662333133303633313964353931633632343730616166
65366237626463383836316664393266333561356462663766333739366363316535326464356438
32646462306530376330323763333462323662616334343061613962343732643630303734306339
36663332616233303637393466333038633731396331373337353838313335376635343731666137
36316531633736666232623830656537633038323639313462643038353532316566326661646633
65666432373837653135663562373338373737613533336335313562643266396631303561313830
37333532386262626466306631303732623638653537323961346631303362303864356434356364
31303636656539336164343830346462363136303662356538393632653132373938613336666163
30306435646338643933346233306263386639306165353931343630383133646337306133343365
63336330626131306633383863376564363261383033356334353361653939383265393731653166
61613465333134343337336333316337666338353862303861343565663564376565633666393938
35386138393334626432353232616561616464613366393064643164323035376536313632303763
66613464643161643366373932643162383063666537353364646262323939346230636666373836
34313138363938613464366164316530663836653232306631613766376633386435323431383635
32376134356232356264613564366635623639396263383232336366313536623465343563623934
34323739643938336133323830346161316264376430383833616562613732616238343137653937
38666565656536323664346630323865366237323537383833303138396333336231306164373635
34613838663631333933376230623333326363363766383337333637346234306461346262343132
35353238326338633861303537343431333830363539353637323265343032306461383766306234
61666361353966363539323036373638643662313031626163313333346364626463623964633938
37656634353063656336303838623635656637336565313364303164386161636434326235666132
35626331633433313964363130396335636232363162633034373630386366343630373236383939
31376265613235613830316263376563386666666237363830346430336234346663663837633834
61326462616330333430366164383138643831363737343663363432343836353062643461643937
33336233393131633334303762373334653634346535346430613464666565393538386463323166
38363065393662666239626533613765663765396137646266366364383239343163633338633865
64656239613832323531346130333731626163346138306161373536323932313265353330376230
30373737376261343363656333386466623932623939633764666537383763373038646439646466
62663837666535336437373736623965663061663431393237616465316633323132353666383530
63396533336236623065386662386137396633393635366435353762333232666431383530643237
62343231613639303834613464633732626362636566616365366163613936396561333437656334
31663137623336376431333762626135356435373833303637323964653236326532386366326335
61323063313466643464613531626362393939663838666539303237626431343966646633646565
34376630666236383334376338393138323733666530383437366132316633356164393739333331
39373438653533353966366333613839366166656164313637333530653262633630623630323163
36356132633864373363313635656138373532396137303030663264633339383035656130333838
61653965653334373462656131306337346165386433303363326466636632636636313634313838
35383161313337366434653235363834323936353334386232313937313132363861343463656166
37363361303639643332363130396130336534316166326532643035353331303066633438623331
66636165306230613030313163643166346639383032646630316464356464646330353238386465
39343930336666306533653565366332623236336334626335376539316238393738663339383666
65666331376233663663323637663033323266376530646639306662346263353934653039636431
34383033363339666438323636333434353031623631623536373461613139336233323664653966
35666638393666333861333962366466376131636434663533313830616666306537656563636630
36663038613661303630626166333636633135353830303130363330333732353066363230643865
31316338306231663761346634313036303464616336663933326335393638323962303238643735
63623435363930316630306239653736656639353039636433353362396238626336306164656437
34613362666230363539306562336435343531383937663162663333316634383033666265356532
32313062333962333336643566396462326365376239613437383131323731616161326635666238
34306233383963363130663736303939336233643465616432313130636138306164366261353631
31363933313231666238366637653364646133346464646465646661386463303130623635376163
30613739373164616337343164366136333330323834656538623037643366353733383062346139
63373762653030393136653930653366623465373039346433666435323466636566346661343730
61323533363539373230633331623337393431306331663564646465653434653966646530303034
31623137653838653965643231376130303134623234383336356630306566633164613534363736
64366466303834663333316166356236306666316663303033646565333031363666636461303563
31336263666636616662633361326333306434303031643331383063386337366233666666383434
62626566323864653033303430633861323566326132393739363434656565366162346161656365
38316630383261643237366335333239376435356430383137306131363032343935316364303361
66666562646162623736343764366164333234383435316165303930626534356465623565393765
35666264653733303936303233313065353462343433313538386430363839346465353563393937
66353861663838366333373361323938616664643536303933333762366561626432316636666539
37313831376565616134613634316464656162386138356535363439336438643564633664376239
30393665326131383963303165393532616434376263396435383835356536636633333264616164
32633663376334376665666431306339353333353734393934396261343463363131343562396133
30343132353239313335623665656161333961326637386364366561356334613739643465303539
30373039313237636237633032323065653738313965376265643139353566313236373534336131
30346437303535373862396432656161633762373864643862363561373065386565353531353334
64353536633235633133363935643032636134633333333031376565346565323435383863636562
30653665373565353836323061626265313062363562656264656630626337363231613164653363
37356130653964363737343731613162333561326239353235356639316431353961316130616630
30303831626661383466363835613935626462643435646631313663383331316433623138636533
32633663326231386132323537613261363462616439646539666164303965326239336334666536
35633537363564646662373261616235363532313866636264656134303361316662646430386533
35613338396166383464363833313133356433646134646564383062343561323461336431643762
34626439306564313237393033343532623239656631326432336265633231356432376163313235
31396264666235323430303832313032383633356362313132356662613632643361326535333532
65396462643863643230343439353564623733303133343435313431666564636233626636313433
32343230333036323232303431306461316530313337383863326339306238333330623564393736
32646265343830613437646661356166613732653339343933633834373265666438336235666335
66626365386435353137633661646666393532636564313566616561656262366236396431383630
36356137316566613965316331393433376562313234323435346432333735346565656432353337
35363138386235323630613266633431336434306636633865303864393966353938643835386466
63626565656635656639396631613864656363373439383935363732393766303331306563363638
38353962653231636564366635346662353738326635326636343734633966633238306236306335
31616237666436356564333033353262666236303837386563643333373961643763353032346637
37323637356134626463373863636262303235613162333639386538373234383564633963313765
65323835653764383936376136663935653333323261336133363138373734333333643962626237
35396566333763346366303431653839646266633238653130306634306264656436633730663762
34346233363861633662396561343237626332646336383666356636393739636264366535636162
32623764626234343731633930336131353931393062653133306266643837656265643964386231
62306438636334343962626139313164353330353763373933633730336136396539663230613539
64323564343836373665626263386137383265376433343163356130323135396663626664366535
63393333353634363766633465306564313366386532616238306239313436613539373233343338
62356464393831626462666563333162346161396630343364366165396335303539656265306264
63646533346466343637633233333864343536643765396161343135313464346635326335323763
38333431393363616662646566376636316234373134366137306231386661343437356136376637
64666238393266306434346339663133343263353434313038363635623531333432393865663035
65313532656465623437323731393063333938323761386436373433643866643761383039306132
61373131666236613362396137343930386462336535313233373264343062613164396331363538
66396233626663663066303430626431303936613234656631346434333034623532623130346564
39393133623936643962313434643436366638306166393166666630613335636266306364393964
62376562356133353934363162376464663466336661393336353833653262336639336239613561
39616664383733316337386534376338343933646432363334363264313933396539353038356436
35373531666239356432366635306237633231396165666138373739656231336566373262333262
33396337623665393963396164663030376166653261616632323862666136643264346466373463
38336662383237363565346362613131373030316136333264326534396536636466346561336538
63616536346333303963626532313235346638393634646638366265346463663030393733666162
33323138363238663263356638366438396535623061356135343163353732353937636431313039
37386538353937373566353539396230653737616139333031383365346666326363356163333431
63396133363834613639373231376632326232396261363436623638336135313133313034646161
61313437333437663630653139633734383061303336356138346261323136663230346134313438
64393239333135343264393935626262313462343034643166353163303334643762303334323438
66303730623539343638383766343031393431356263643263656231313238373532343764616265
37616266376339373764653466333839373061323432316337333831373933383435393861333866
33333237343132656130306330346339663337393665303737616331303662356465666561633737
31346432353965393663623831373330616538343539393562313964383163653136383230393563
64636230336465663931316265356663623464626332653037336264336131353638653431353039
39383332356264623135613361393264656333656131316165663564646463633532333661633862
38303361636638313234363466336433353236303735643632646130393330326235306135623833
62326632663764323730643364326165343163303465666532356137353035613834336362626237
61346366363866383965623865336664363962303265656431366439663330316130383961663465
31623462313332333261646264333031626531313835303237333261643264623161386237313664
30636163633033666532636439393536373131306336633664653461343731336236333761366331
62643465393634303531633237613564366564663763323936313166333064386433373638653437
36326263663131666137393437633261633235336566613932346265326337333264343432366235
32663434313662613762376337363039393037326337303865376339633333333436336639316631
30383366346235346163363765646362663663643935646336366366393238653736323532336130
39643438336633323064636365353630643661326131336164623436363734663931336664393362
61623834383932303733363963623563636161383661343063613461346132313833376333643766
38653338373730383866333530323337643562303430616532353930313862663464303633653232
37633562306135363735353737323862363462356136643636613537376633396131396662333663
65323930373837303838666232343561363533316130366139653262643735326430633564353762
63643663373534623431633462323265613638613034373663663831623336623631336430373330
33366635303434313034363038303535653166666165376130646464326262366465653532653830
37363732626265336562376562663561663764313333333263626461633133383336306364653265
39366162636133646363653637333662633839633138343331383966376463653038346237616130
39343933396134313261663636353831323136343030636632623861613233353738363937306436
32383138623037386431393434653033366538363663343030666164346430323938336265386535
31636663346361303330376338633331306564656239386237633238373638616138333936633738
64656231323236663261323061663165666636666239663965393038666338383165303764653863
65383630383464636235316331313961616633346331313663623139323037306331313362343831
34633239323436626338653062623463653465306165366236633933353461333231613734616136
38326665316536656239326638333636623336616364613964333338336433656531356233363137
31636162336461386264326336326561623233323464646163646165663638663363656262383136
36303663343462666466313139393866383038616430343431313965616530373539653636646438
35363662306434633337646136343232663039303232373832333165323766386537656239373262
31303639393236333535373536303264626330633936643262303833656362326435666135393165
65346138613863303134656433613430616530643561313932613430333933323238623934616363
39666538336262353036336337396333333362383938303338356361643637616336316132386336
34306433613963323035366161316166313963396438653034356266326662326536303366326637
62333431356237336631643861396234303739323064363432343833393062643263343436643334
64343834616631313239383533633032303931666132383731313965333334663235666566323962
64306533646331613363396661326465616433383831323732663138306238333438353066373262
33376531343464656634623962323239636365633662393363306133313630333232333131643566
33633638626534346133633464343938313163376536313164656237336633653061656338363738
65626564396634323965386365373765383662356430343066393032336665383638363234306136
31643166316366393664363930633739313236343061366138613134626231353039333062656338
66313933376562333135363862346363353039313331363034626462306432363635386366356665
30326536336462366530333664666432653430376535386235366437616161383232663666326164
65333131346636646265663830313634393763366464323539386532633235623263663838383636
64633039646664653535316636623062313761303364616333386234656530353133326234613334
61653065306431626235316439366335626163623937336265383738613331393862386534313239
61383131636163323233313336653862613933303837326131396134633734386466366136313636
39393064333232633732653037636132333138333530623031323236623164376237333563363331
34343561326530653864626231326139636439346365353534666535303335376566643365333333
37313263626663636631366661306539323636383762643335373333333330643335613831393837
62373931656662616635313837386239376139313032653235303831656166366139643833393961
62343233626565396634353264326432653161316537623534383939313337336162663236353630
35623835313261313639313133303036613533336564363465353631633363393364616436623136
62616134356633383265666465626534653930336663663637663935663633346338313861646462
33623936393634313630363835383738613437393030383439343361663966613264353163323366
31336437333439366138373836336462623939343263366266346161326430623963656263663735
33316631363465613665653332393462613362306466383835313639383738343630326661343062
65343933626662323837386232633236663233613237383633343131663966383863623062396437
36316335616332363137333532366630633461346635336361326561383961363234616132623031
66333833323339393365323863353362303432633664363561313462356137633765303238633939
39333639613535613832353565323162343764333365343661323435336530306433653130393764
61383064313366326162333239656637336337656463313437366461303738373035383334363936
31303664623430326435313434616337303861656636353764643661326637616265396638616564
65636230306461613332303965336634306534383564623065326235383564343131366265383066
37336330666563386233343430626263386666616135356534366433613839363338343664663431
34313766623439343735343835326462366563313831306565636233626238623561623134646661
63336364333534323861633565393430323031396535616639376337626536353231393663663163
35666235323564313133363266653361386332323661396637626330623632636666653239656130
61333032393262623366656563386232613537313635646536643363323536326331346538323364
61333863643464346236623931313931626532316233306238613935386430393266353161663264
33663463636638633437643764306539646663636333393834333734373438373032356437353634
63353431656430613463386139326636643036363133343536373865393463313066303364383134
33363934626237323866613835616365396634646664653366663861656566653563316662626635
31343230336438313064653236316431383030303638303063366365653562313737616261363233
31666663663538633039633134306537333665373466613566386133306164353337313761396437
37356163336533663435306162393130316161646435373235333631306436366666306434663737
36303964326233663966633133343237643839633836613261353136653233363466613635376433
36346436653763656532313435396334336135316165656631323332643562666232383139366238
30616665376133303036363063666639623135323464616333393565343037323137656430333537
38346666353833343532643333633762336463306233336432643436623861666266393963336364
66376237306566376538303231346134663130326363393433396430633635326662326364373761
64313338393561636165316430613635343363336164646363646335376562643465353138333534
62346138663938653231383964363531393036653833333731383762623662386161313231343466
32613030666237653365366266333738333931353137326332396461336532323532356433353663
39343662313735396564616565333837616633316265653134383338363835633432363033303833
37373035353863326162633463323136656562303832373731393262393234386536646333303734
33303433373539356264303062303462353137613437306562336139386239653838613731343833
64383634643836613131356464646462616139313663363536313434643062393037636139653266
66393261383932313264623862616137373937313766363036346533623934376261643237333438
66353135363336356134323462636431656666336264376562663338353835383963333332666162
32323665656165626565363163356264336138366366323134656538343463323862643739643332
33616666666539393537656237323166643437366233653465316138626632623736653030346662
32316163646430343637656563353136386132393837613462393661373130346433353361343935
36383862323533383338313238353131333661316165316137653830303431383665306630653338
64653166346661346139303936373235316561663937386564303666636338373965353630316338
39316435613430646664373963376339333232303262633737613033313231316162656333633561
37363433333235373739303439616236353432356634656633323835653431393861653535626164
30633339663866363661336234323862373539383465666565383232376237613635646562366333
33326237356236656338653866613164626131343064346137323362653038393032326230376234
62396237333630363061366264383964323039306330313530346534346130386332393836343332
36633438373731373862623036356237363238653663646538666262363061383063623336616634
39313063306635366236643839626231646138626462616661373235663863386436653730356238
37396232643232653562666334376365393438323436393533306262663965326336363333356635
36333033616432376365313934393931326330633132666536346139633338356465353032393234
36616662356135333732366335363932303535643138313635306366613030323864663232623635
32663133396135616262613032666561663833306537333234613863663331653265663262333931
65316234306633326238313661323733613037656466363665313639303230653537393234613034
33383366353333383637623064383465376162346266356433386235306633376462323365366131
62353232636262346539373735343663363563623438656633343934383761643363303639666438
37653937666166656330396466313261663538336263326261623037393934323963386138396338
32323934666431373663386531316361323665363862623365303761623439393763343464333365
37393932656564383631336538623030333866313333613364613537626361333265353031383230
38613431363066383333303936383764333938313162333661343739666534336637336265333734
64663963383534616531393736363338316238383430353965393931306331663033353165396533
30383031636130393735343432376661303239343465313038386463303666653732363761346365
33383538393235343965396138376130336535323532303466353739633939363138616263373532
62653435643464366536383039333661346562383134346133333961333461666165633531623865
36623435376563616165333631633663336663643965363030363264326631346163643833343365
34663239303261363131623334376332333163363135663635616333386335656335303835663732
34623532623462383265363931326339653266386637623238323330333937363565353537346539
36663936636363656263336537636438396434663037336565313430316137336136393433653237
31656465383934646335303564396235393134363464356261663964363833323165353136343365
63373866623033646634303036323562663761383939366536373761313939323566313238323565
31316331373332356164663065313766323066306266333863336330636266656332633364396335
62323732386464316434363339663066363565663235616235656631386530653730363335666164
61313136313061653637353038396338333061623332323033333233303333323139613066653863
39623235343461653532323235386236613236383565353562333762316430373761643436613436
36343463623631306439393734646465643236306432393465613135663736393061383664613033
39333236363138363937373864646338363136613334343538343435393036363566323034653963
65363132336364653932353832333736666138363061346438336434396434646634323765653863
65616366643435383962616136663730666466643639303535656463656563323539393366333262
63373538643030373766306664303535356663323535623437313064623239383163343039623666
37326565613163373234626434386636336561343866363833326231376131343762333562656638
65393930643432646430323965343837646663316133663065633036393339373530653930363861
34366639616465333738353561306366623836623334336633306432626337363066663861663232
39653163323834633864656561323466383163346461343736303165353931386464323436313732
66616633346535623563383432646633656561613363376230316435313332363735393439383633
35333163653931663339383539333866343761326337366365633634323134306637396639643536
36363636666635633537353533306165383764376339333732613638346539663364333635643661
30396533323664393133613561366163373030333665386339666632626664633432306435626338
34633937643337623232366366393937333133663364663036376630373039396134393534663134
66363033623536303363326135373536346431643535663838633866353361343465346336306232
31623939656262633737373731363063626666666337663164366463313133656366316161383937
65613864303538653663643530633337313534346364636638666438356561636636383930653931
38353864373465333866666134623461336331646263353934626266643133623835356166643037
38376530396238663437643163346239346466643630653536643434613531373438353466373830
39633630383431373739653232343163663366666261346461376366646538313230363938363135
30353030366634363164326533666464613534663863396362323436356534393632643363346632
64653534396563323462393638353131346363643330313863653033393762393162366438333030
30616635376136336161666339643035366338643962393331363134376233356336353338363833
38396633386331616630623564316338333364366463623864313965366334653131313666643364
31653331333565313762333535373732363630396365656262353561333632383166643435353633
32363564396363303235626466616262306536316165313530623566333732666234353637643765
32303832663136323261343564363034343662363533393738653965636364326465343138626239
36316264376366373935633362383131373736396531323235663262653462313938633035653931
34623361383235373866383166336332306362376139383739613833663364313366393566653537
30383635316363366535353663653364343764353861313236363436303039393366353964323533
32326238643363383537323163663937313730656138376362303637636363636233313538313438
64373431366230376462326262653465303438663134343232393830303063303236653662636563
39383066343534663834383335666433313037393736616639366139383933633037346362323362
36323236653135663162653030646431323232306439623038323966653333363366633164656630
33623138343333633964346330323531623034393431386633303631393933646638356634306539
65326630303633623134636538643431623930393539386366353363313963663432653563613834
38383931363364313433623564633135656532333638656363643962353438313930643136333934
39363030613434663835393237626638663939346637636638636662343832363466393236386636
37393538653364313666626431643238633839656561363430373964613038396433303937613739
34636434666530303138316637666565303331636164396561373366393661336539363532353461
34616232363265393034663432373432656338666261373565656531353962323261616364363930
38643232663532653336383563373336383832353065323737663239303533303737663861623134
61383330653536356237363537386639383761623963353936356335633864663133616133363232
63663265626639356634396130643830366332613361333763333437373134316238373063633163
38663831636438666335303731323632346631343962303938656431323466656634313163393365
35656135356262396266373265623930633733393736366533633535636430313663366235616534
65386461653738363262306236336363633830636365313661353635383637656133383334366637
34616332383534386266356137343261396633393137363437363538656437333339666537353034
33656330383763343033363563323333306536653463323537363533323438386531643562396132
35656564636661623961323566636464343966623030366334396663353633396266643937623938
36303264326661386230303566643338343835666534306265633536393531353230613130663938
66616238666634636366326538316633616136613730396564306136656666646336633663393362
33386430356565316531333138363430323966353332636535363738623661666338313436373833
34636165643965336435306337333635313036623035363835646531323634383338316332383236
34373130653631373564336666636562316534393531633234656365366164646166633833633536
61656162653436336233616663363237383563656532656135316566333533393637663934333734
34356264303531613030306337646535616333333234666331656333613664653365383565653830
64306161626231653530653533323237393031663534306337383764623566336431306234666236
62663839353066313837626638633062353730613263616632323632366434303437663235393636
37333936336331326536663161303866396431396265336363396539653866616138643730643231
65383637363730376436383731323961393165346133313236346231333231306431613166656131
63373538313061353339393361663664343339343032616362646663623234303134363261353366
36323530303636393661656234366263333135373331616234386233613031343633386134376166
66613265626239633434363965373935373239396436616339326462303834656636323334663537
37653866316266343437343937313631656261313662623033613137393562386362386665356334
63353063653136373363313636346137663365373336646266643461623532353534316237623131
31653436356135643634326265306237656264653065393734663065346231346262316462333536
37636133646437386235643962343739313438353537343836333932376636353933303936643866
38363966623632656262336335313035396261356231313930386430333963626432313637383061
61316531643934316331386634336234346365626535303165613032636661363933336565383331
66383865626561383834663834313461373166313233353866303331666533653035663434653031
39616438633737313066376338626361343932393366626333626333343863653437366639646561
35646639663662653734333962353962363330313338303535363134643832613966343933353038
65363234313334326232393231393038663963366164313133623463333231393530393036356334
31326362346566663433636462653531323663313330376263383265356635363766633765356131
61393265623534623130633561396661383064376363343037343833616132646463626362333934
30633563363434653063333932326266303434323535313466613430303236616266643334303632
34353935333538343237303164613533383662666336633537663866346631333862663866343366
36326531376433643161306139336562633566303433656666633839346432633131633639383736
35393030656133326630346539363131616234396263326138653162666465653561623362306239
62613339333734663661646663643039396638643066613965356334353138336530323266623262
30383566643863346634383935323839656661323164623137363666333930333232386165666435
35353731623834363237613436383264353432373462643039643831383136633438333636663536
62663034373339396162366565323731383033636633633132396636366330363663393139363635
33626130623936303562343534653431313637383736663662343232353732366435336430323634
65663238383737623438303438323061303333333335376661666132646336376132633261323531
64623231336239333531613561666665616335376138393730616262656661333461303130613564
32393261363938333539353030333337386639376239636561666436383238383031313639383432
38396566353138313464373733373135316365376139653838346364356136316663343130363163
31326162636265396438643463326337306566323731346662663037373238393937666663663635
65363266376261333530363935303738386466643062636234313434623535386265343835303263
32373032663233323734383061323766643463316566633163613234393562363133383732393038
61323838316339396439333232633965383666336664363732366234336239306130626564333737
66616234323765333439623334396465656566663236333862653031666362623834396466623263
37306563353439353765663666356538316562393336353065616233616661666437376539313162
65646636326361636237323562353539653531343037306266356563623438656363386435343539
38616437383331393662613465393762643363656635353362396133663839303134613432396361
31326465663932306361623736656134306132313031323063393835333762666634663230656632
36336339383239623237643337396266623935656333613465353462646336373632363535613631
30343736333265366662613639363737396537643733643465633466356135396163376630393830
31316436626137656465653032363338646433373566366633306662616362643162623038356461
30666561313730626230373531373932383162643063613233393133373165356331336463326337
65333638646466356264626637656364383966376631343237383231613633616135643931306238
33383336393336653664313564366162343730373664323637623365383664386638646239663035
37373838363935343466363134386565353864653365373936326135313065346564353861643233
66343434373530343431323734323963393730336537303162383163306464616461393331333437
66636439373037623333633834346638366135383231333865643035396239383630366262363535
33313038626438363632323564643038633634333063323864363636653865396164653737646634
34386164616130386434653334326232313563383635343762643333363837313962643530303133
35616663316363393932643734326662373837663565623337366638386163643733633861633539
61396539643535306663303934303931393932663036343338613530396139383662643930353131
38623133333939636235343535343036396565333139656533623839366338663436633064666366
35306432313234383766333365613131343066313834353164316638363530356339343962653266
62373732373432613732323234336463306465636635353238643638633033323539666664653533
38623632326562653238373766616133316465316332623432393365363061376138393133303532
37313031313165666264666664656662333236353061616235666565646634633337376530613839
38303431613465643337623336303731383035636461333164343539393834613637626564353162
35303432663338626562643736336434666334306639656639656264306666656362643437376361
62613162633936393766363263326635333331336631646433306634336364323036363965633831
65353032626134626163383964386439343438616664313963626534646538346538316164323137
30623266663834343335376232653231363639346462356333666235666666613864636339326366
30363363643964313535666466353966623939623839336462623161323362626638386163316665
38666237343639376136303063653738343939653762313533616436343762626466613533633665
64626636326233386538333363663530383632613031303534306434353632646261366239623932
62363335396537616634343362633232353834396363386430363134333535333334326463323637
64373134633931633263656638646431333262363162666533373733353736333766643334663330
33663662616136333531313538346637636239336664323765646533623062326336363634383866
63663561306130646537376333613064303130306633366161336362343165613231613836353666
32393137333639373864333133366433326662353138633264653763353537373164646336633631
36313235376638616164306639356633323738376433666637333431656561323931356437393735
32306236633539356430363836366332373762643162343964663431393262393135396639336432
38313737663731303965646135613862666334376262653133313136326531343466613735626165
62373237656235623564373133626537313164613838373366306364363937373635666562316661
36633233373838313039666563373135666534653037393063313034646563363337356436633036
38313266343964663661656565326330383035626463366133376165303936633337663331343333
33363530323436326333353865396431383336663534376635316162303936343535383362343931
32636365323636336137326262666664346134303138303137656130663038363333646432653664
66363238316364633832643966393330643837656639326264663866656131333461393131366535
66633563353739383638336662653837666564366265313539383361623663613830663738643339
31343832323163376266386236366436373933613332303637656232633365346133613439636630
65313664303863636430653638663338323431353039383531333363393061663562653836633930
62363830366634316331333839306431323330356633363432643430383063356435633734616331
62633766373961626339313834316239646462623433323435303164376437323361653531616362
30656363653331353433346433363239336463333265353136613132636536306431353761363437
62306431633362353633646465323437666231643638663637633136376339666139636566306165
61356565643134303137623665646565646161666233363763383331636462626365326634386536
64656534333935306633333936326465323365643137646463343533363364323663366331343534
64303838303532643462626337376363643762373132623836613234313734653466653536333139
64323335316539393164336436626563613733393032333934336161393365383864626336383466
62396334363333663263616265653863616135353632373363303733336139396564386333366462
39346537316333653536636631623630613039626539663532323436613038333235343531313334
61363839373566346233313966343638366165316264306431636337373466663661323561656366
64333166363462613463633930326364326231313665343638376535356164663132326330313033
34633237366537313239616434363063343333313966333039643535623463353930306266613335
32643238303164313635643463366563623764323464636534306661353238323430306636653835
64323437333564353961353564633632333432303264313134376532316638306164303037643031
66373530333162383962336430346539666163303537616335316331626230663738366333623238
37643863313536636136313163666336306439313861333963343037653834386566626666373239
34396139353764613939393761616339303261346432623431363163366566386235663332343032
36633637363937663730613237656261633139643362633038653738623834653137303533613563
31373238626437663466623434326533626233623035376332353539383533663837393338653766
38643136613762636162326461636662616161323234633730663931363438316464326161333738
39633738333964643937666666356131333932316365613637636333626432326230383337393665
62353736386265626132383261616530646166363664366130343230626432656431323164383464
63626139653738373133336238613832633530613138346335366536663434356235323963663764
39393264626132323563383865643461303864316465666131363335363865633366353465383862
34346134353934656237653030316361343830303066626664653032343963303766623135343265
66353462633362316638623831356231643634386362323764623232373039386565396235663039
30323433346339366265323164613233653565626666646363323263306566663032373461343163
38326134353936343363383736656537353839393032613233376130653161383662383962616333
31326331346361303133383630393861643634613961306437393734343864376337623465623530
64343630356162633031353832653831643361353964393235356661636263613131633863623461
62306632623234363839363564323730393366386631353363633037633362636564623133396134
33326435303562316633323430396334386366663663396164643034373466643465313062636338
66336631376636326236393036623638306262323065626537613737636134633863396139363637
33363832393464343863373936353538643364613230393262336338303762663063653161383831
36323030343730393561383166333433393432616232613763396239333565353436643135316636
39336263366663353836373132376137306636363730306337336138323334373364396431653337
39643962316164393262616632386233343538653063373866366166306531316638316463363137
31663139333830313565323065336563653664373066636164313938326531633161353136643665
38616334623464353039313566396236616435326236633638376133633164626266636565663532
34306564303665376539393065393538386439303434623232313933633339663366643939386435
32613662323633653332643438326539643432383166353530383161343332623436396333633766
32373335636333303561313237396130396236643366396431353532616636323635346465343039
64393030303739636234316637633864376531343363666461376264656165363838623331386266
62343730396563323738306365366237363537663139656165343062613939313866663936363533
32303039393732346635626238613530303830313063356362356439343338656231316336626639
62316137333661383164353630386133626166663535306334633431643061336665383839323135
64346132653266313434343435613930373239623138333738653135393266633430643031643232
32623565363165353063343732633532376232363738663461313235613036393464393032303065
64326266343033393561303930396162653964623735356239326338343061626562376664353635
37316635633563616438616630313033326232626665396462656337333435663766663766343531
33613761643735353066396163613536616533306131323838393831333339373361383332613330
38393930303130626362656239663466333238323337623962326263383132633333623537313062
66326565626462373631363135633131353065613966316435653461323332373661326261353534
66386131363436306232383832613561346466353730323932333337393062333562613937656266
61623363643965646230383863303466376630613631656433376635303631656233636435333336
62343165613236613261353037303337613737383033666263663434303661643831393130383862
33316131613463643332363332343338616133303162356463376163393363373965353139643166
61373330376533363834656137633234313838386336633339373365623665613566393335363836
30366366643765666430353065303236656464653263656465363963623734653737383232636538
39356538653965626639313639393833383131313335323161623538666231363763663762383134
32393666313438613164623661613930386130613237623061633966633936633636623931623235
38613663653362626431376366343761613363396139623164653139633531623832376563346465
64636234643130303838313636363035326161356535313865613934363539363663623338373336
36303034386233633034636233306364383636343730643130343164653535373133326237353639
36336130363763306566303532633938393765333531303433323536343336343239643936653037
31333234633930336633633866303034303830633036306632656662653937623032363062376535
36303139663166643836633263376138383766623833336533333938386263323664623932303433
34373664613961393531643539336238356639386338656365626132303630363836666634636266
63323766653162303030633364386364323866643363346562326362373830313133396636353438
34623231383537373666356630376539616131353637386664636138626232633436646237386133
31353164383037633434616564643262336539303362643661383536613635323937343365613236
32393233376338646632613633336433383437353162313038666666363136373833306539313237
38313534323436646337336564396535666165333563633730653132336166353932356365326665
31633832623631326263653538356632613231343037333936313434643965386633666663633336
30393235326562636661333763333536363736303435656535306138393131323336363163343934
36616562633038303134313266663735366633306566636164613865386262626535653831383564
36356562396465613833643966613437663562303865623632343161333834393433313539373663
36363138653433323163326461636230613165636433313539626331363864613363333462326132
32333137303437363462616231306335623033646439376563353830636338366435333230626538
64646366363161653931346664623163336632373362356632633730313837316261393538336436
31343435306337663865383565333265356435316330363337376532623062663432643063663764
36313364636561323465643134316236316631646363393663643732653033363235636334396135
353462633833386133376665633533333036
